768.01002
769.01002
770.01002
771.01002
772.01002
773.01002
774.01002
775.01002
776.01002
777.01002
778.01002
779.01002
780.01002
781.01002
782.01002
783.01002
784.01002
785.01002
786.01002
787.01002
788.01002
789.01002
790.01002
791.01002
792.01002
793.01002
794.01002
795.01002
796.01002
797.01002
798.01002
799.01002
800.0100199999999
801.0100199999999
802.0100199999999
803.0100199999999
804.0100199999999
805.0100199999999
806.0100199999999
807.0100199999999
808.0100199999999
809.0100199999999
810.0100199999999
811.0100199999999
812.0100199999999
813.0100199999999
814.0100199999999
815.0100199999999
816.0100199999999
817.0100199999999
818.0100199999999
819.0100199999999
820.0100199999999
821.0100199999999
822.0100199999999
823.0100199999999
824.0100199999999
825.0100199999999
826.0100199999999
827.0100199999999
828.0100199999999
829.0100199999999
830.0100199999999
831.0100199999999
832.0100199999999
833.0100199999999
834.0100199999999
835.0100199999999
836.0100199999999
837.0100199999999
838.0100199999999
839.0100199999999
840.0100199999999
841.0100199999999
842.0100199999999
843.0100199999999
844.0100199999999
845.0100199999999
846.0100199999999
847.0100199999999
848.0100199999999
849.0100199999999
850.0100199999999
851.0100199999999
852.0100199999999
853.0100199999999
854.0100199999999
855.0100199999999
856.0100199999999
857.0100199999999
858.0100199999999
859.0100199999999
860.0100199999999
861.0100199999999
862.0100199999999
863.0100199999999
864.0100199999999
865.0100199999999
866.0100199999999
867.0100199999999
868.0100199999999
869.0100199999999
870.0100199999999
871.0100199999999
872.0100199999999
873.0100199999999
874.0100199999999
875.0100199999999
876.0100199999999
877.0100199999999
878.0100199999999
879.0100199999999
880.0100199999999
881.0100199999999
882.0100199999999
883.0100199999999
884.0100199999999
885.0100199999999
886.0100199999999
887.0100199999999
888.0100199999999
889.0100199999999
890.0100199999999
891.0100199999999
892.0100199999999
893.0100199999999
894.0100199999999
895.0100199999999
