384.01002
385.01002
386.01002
387.01002
388.01002
389.01002
390.01002
391.01002
392.01002
393.01002
394.01002
395.01002
396.01002
397.01002
398.01002
399.01002
400.01002
401.01002
402.01002
403.01002
404.01002
405.01002
406.01002
407.01002
408.01002
409.01002
410.01002
411.01002
412.01002
413.01002
414.01002
415.01002
416.01002
417.01002
418.01002
419.01002
420.01002
421.01002
422.01002
423.01002
424.01002
425.01002
426.01002
427.01002
428.01002
429.01002
430.01002
431.01002
432.01002
433.01002
434.01002
435.01002
436.01002
437.01002
438.01002
439.01002
440.01002
441.01002
442.01002
443.01002
444.01002
445.01002
446.01002
447.01002
448.01002
449.01002
450.01002
451.01002
452.01002
453.01002
454.01002
455.01002
456.01002
457.01002
458.01002
459.01002
460.01002
461.01002
462.01002
463.01002
464.01002
465.01002
466.01002
467.01002
468.01002
469.01002
470.01002
471.01002
472.01002
473.01002
474.01002
475.01002
476.01002
477.01002
478.01002
479.01002
480.01002
481.01002
482.01002
483.01002
484.01002
485.01002
486.01002
487.01002
488.01002
489.01002
490.01002
491.01002
492.01002
493.01002
494.01002
495.01002
496.01002
497.01002
498.01002
499.01002
500.01002
501.01002
502.01002
503.01002
504.01002
505.01002
506.01002
507.01002
508.01002
509.01002
510.01002
511.01002
