1024.01002
1025.01002
1026.01002
1027.01002
1028.01002
1029.01002
1030.01002
1031.01002
1032.01002
1033.01002
1034.01002
1035.01002
1036.01002
1037.01002
1038.01002
1039.01002
1040.01002
1041.01002
1042.01002
1043.01002
1044.01002
1045.01002
1046.01002
1047.01002
1048.01002
1049.01002
1050.01002
1051.01002
1052.01002
1053.01002
1054.01002
1055.01002
1056.01002
1057.01002
1058.01002
1059.01002
1060.01002
1061.01002
1062.01002
1063.01002
1064.01002
1065.01002
1066.01002
1067.01002
1068.01002
1069.01002
1070.01002
1071.01002
1072.01002
1073.01002
1074.01002
1075.01002
1076.01002
1077.01002
1078.01002
1079.01002
1080.01002
1081.01002
1082.01002
1083.01002
1084.01002
1085.01002
1086.01002
1087.01002
1088.01002
1089.01002
1090.01002
1091.01002
1092.01002
1093.01002
1094.01002
1095.01002
1096.01002
1097.01002
1098.01002
1099.01002
1100.01002
1101.01002
1102.01002
1103.01002
1104.01002
1105.01002
1106.01002
1107.01002
1108.01002
1109.01002
1110.01002
1111.01002
1112.01002
1113.01002
1114.01002
1115.01002
1116.01002
1117.01002
1118.01002
1119.01002
1120.01002
1121.01002
1122.01002
1123.01002
1124.01002
1125.01002
1126.01002
1127.01002
1128.01002
1129.01002
1130.01002
1131.01002
1132.01002
1133.01002
1134.01002
1135.01002
1136.01002
1137.01002
1138.01002
1139.01002
1140.01002
1141.01002
1142.01002
1143.01002
1144.01002
1145.01002
1146.01002
1147.01002
1148.01002
1149.01002
1150.01002
1151.01002
