256.01002
257.01002
258.01002
259.01002
260.01002
261.01002
262.01002
263.01002
264.01002
265.01002
266.01002
267.01002
268.01002
269.01002
270.01002
271.01002
272.01002
273.01002
274.01002
275.01002
276.01002
277.01002
278.01002
279.01002
280.01002
281.01002
282.01002
283.01002
284.01002
285.01002
286.01002
287.01002
288.01002
289.01002
290.01002
291.01002
292.01002
293.01002
294.01002
295.01002
296.01002
297.01002
298.01002
299.01002
300.01002
301.01002
302.01002
303.01002
304.01002
305.01002
306.01002
307.01002
308.01002
309.01002
310.01002
311.01002
312.01002
313.01002
314.01002
315.01002
316.01002
317.01002
318.01002
319.01002
320.01002
321.01002
322.01002
323.01002
324.01002
325.01002
326.01002
327.01002
328.01002
329.01002
330.01002
331.01002
332.01002
333.01002
334.01002
335.01002
336.01002
337.01002
338.01002
339.01002
340.01002
341.01002
342.01002
343.01002
344.01002
345.01002
346.01002
347.01002
348.01002
349.01002
350.01002
351.01002
352.01002
353.01002
354.01002
355.01002
356.01002
357.01002
358.01002
359.01002
360.01002
361.01002
362.01002
363.01002
364.01002
365.01002
366.01002
367.01002
368.01002
369.01002
370.01002
371.01002
372.01002
373.01002
374.01002
375.01002
376.01002
377.01002
378.01002
379.01002
380.01002
381.01002
382.01002
383.01002
