640.01002
641.01002
642.01002
643.01002
644.01002
645.01002
646.01002
647.01002
648.01002
649.01002
650.01002
651.01002
652.01002
653.01002
654.01002
655.01002
656.01002
657.01002
658.01002
659.01002
660.01002
661.01002
662.01002
663.01002
664.01002
665.01002
666.01002
667.01002
668.01002
669.01002
670.01002
671.01002
672.0100199999999
673.0100199999999
674.0100199999999
675.0100199999999
676.0100199999999
677.0100199999999
678.0100199999999
679.0100199999999
680.0100199999999
681.0100199999999
682.0100199999999
683.0100199999999
684.0100199999999
685.0100199999999
686.0100199999999
687.0100199999999
688.0100199999999
689.0100199999999
690.0100199999999
691.0100199999999
692.0100199999999
693.0100199999999
694.0100199999999
695.0100199999999
696.0100199999999
697.0100199999999
698.0100199999999
699.0100199999999
700.0100199999999
701.0100199999999
702.0100199999999
703.0100199999999
704.0100199999999
705.0100199999999
706.0100199999999
707.0100199999999
708.0100199999999
709.0100199999999
710.0100199999999
711.0100199999999
712.0100199999999
713.0100199999999
714.0100199999999
715.0100199999999
716.0100199999999
717.0100199999999
718.0100199999999
719.0100199999999
720.0100199999999
721.0100199999999
722.0100199999999
723.0100199999999
724.0100199999999
725.0100199999999
726.0100199999999
727.0100199999999
728.0100199999999
729.0100199999999
730.0100199999999
731.0100199999999
732.0100199999999
733.0100199999999
734.0100199999999
735.0100199999999
736.0100199999999
737.0100199999999
738.0100199999999
739.0100199999999
740.0100199999999
741.0100199999999
742.0100199999999
743.0100199999999
744.0100199999999
745.0100199999999
746.0100199999999
747.0100199999999
748.0100199999999
749.0100199999999
750.0100199999999
751.0100199999999
752.0100199999999
753.0100199999999
754.0100199999999
755.0100199999999
756.0100199999999
757.0100199999999
758.0100199999999
759.0100199999999
760.0100199999999
761.0100199999999
762.0100199999999
763.0100199999999
764.0100199999999
765.0100199999999
766.0100199999999
767.0100199999999
