1152.01002
1153.01002
1154.01002
1155.01002
1156.01002
1157.01002
1158.01002
1159.01002
1160.01002
1161.01002
1162.01002
1163.01002
1164.01002
1165.01002
1166.01002
1167.01002
1168.01002
1169.01002
1170.01002
1171.01002
1172.01002
1173.01002
1174.01002
1175.01002
1176.01002
1177.01002
1178.01002
1179.01002
1180.01002
1181.01002
1182.01002
1183.01002
1184.01002
1185.01002
1186.01002
1187.01002
1188.01002
1189.01002
1190.01002
1191.01002
1192.01002
1193.01002
1194.01002
1195.01002
1196.01002
1197.01002
1198.01002
1199.01002
1200.01002
1201.01002
1202.01002
1203.01002
1204.01002
1205.01002
1206.01002
1207.01002
1208.01002
1209.01002
1210.01002
1211.01002
1212.01002
1213.01002
1214.01002
1215.01002
1216.01002
1217.01002
1218.01002
1219.01002
1220.01002
1221.01002
1222.01002
1223.01002
1224.01002
1225.01002
1226.01002
1227.01002
1228.01002
1229.01002
1230.01002
1231.01002
1232.01002
1233.01002
1234.01002
1235.01002
1236.01002
1237.01002
1238.01002
1239.01002
1240.01002
1241.01002
1242.01002
1243.01002
1244.01002
1245.01002
1246.01002
1247.01002
1248.01002
1249.01002
1250.01002
1251.01002
1252.01002
1253.01002
1254.01002
1255.01002
1256.01002
1257.01002
1258.01002
1259.01002
1260.01002
1261.01002
1262.01002
1263.01002
1264.01002
1265.01002
1266.01002
1267.01002
1268.01002
1269.01002
1270.01002
1271.01002
1272.01002
1273.01002
1274.01002
1275.01002
1276.01002
1277.01002
1278.01002
1279.01002
