896.01002
897.01002
898.01002
899.01002
900.01002
901.01002
902.01002
903.01002
904.01002
905.01002
906.01002
907.01002
908.01002
909.01002
910.01002
911.01002
912.01002
913.01002
914.01002
915.01002
916.01002
917.01002
918.01002
919.01002
920.01002
921.01002
922.01002
923.01002
924.01002
925.01002
926.01002
927.01002
928.0100199999999
929.0100199999999
930.0100199999999
931.0100199999999
932.0100199999999
933.0100199999999
934.0100199999999
935.0100199999999
936.0100199999999
937.0100199999999
938.0100199999999
939.0100199999999
940.0100199999999
941.0100199999999
942.0100199999999
943.0100199999999
944.0100199999999
945.0100199999999
946.0100199999999
947.0100199999999
948.0100199999999
949.0100199999999
950.0100199999999
951.0100199999999
952.0100199999999
953.0100199999999
954.0100199999999
955.0100199999999
956.0100199999999
957.0100199999999
958.0100199999999
959.0100199999999
960.0100199999999
961.0100199999999
962.0100199999999
963.0100199999999
964.0100199999999
965.0100199999999
966.0100199999999
967.0100199999999
968.0100199999999
969.0100199999999
970.0100199999999
971.0100199999999
972.0100199999999
973.0100199999999
974.0100199999999
975.0100199999999
976.0100199999999
977.0100199999999
978.0100199999999
979.0100199999999
980.0100199999999
981.0100199999999
982.0100199999999
983.0100199999999
984.0100199999999
985.0100199999999
986.0100199999999
987.0100199999999
988.0100199999999
989.0100199999999
990.0100199999999
991.0100199999999
992.0100199999999
993.0100199999999
994.0100199999999
995.0100199999999
996.0100199999999
997.0100199999999
998.0100199999999
999.0100199999999
1000.0100199999999
1001.0100199999999
1002.0100199999999
1003.0100199999999
1004.0100199999999
1005.0100199999999
1006.0100199999999
1007.0100199999999
1008.0100199999999
1009.0100199999999
1010.0100199999999
1011.0100199999999
1012.0100199999999
1013.0100199999999
1014.0100199999999
1015.0100199999999
1016.0100199999999
1017.0100199999999
1018.0100199999999
1019.0100199999999
1020.0100199999999
1021.0100199999999
1022.0100199999999
1023.0100199999999
