0.01002
1.01002
2.01002
3.01002
4.01002
5.01002
6.01002
7.01002
8.01002
9.01002
10.01002
11.01002
12.01002
13.01002
14.01002
15.01002
16.01002
17.01002
18.01002
19.01002
20.01002
21.01002
22.01002
23.01002
24.01002
25.01002
26.01002
27.01002
28.01002
29.01002
30.01002
31.01002
32.01002
33.01002
34.01002
35.01002
36.01002
37.01002
38.01002
39.01002
40.01002
41.01002
42.01002
43.01002
44.01002
45.01002
46.01002
47.01002
48.01002
49.01002
50.01002
51.01002
52.01002
53.01002
54.01002
55.01002
56.01002
57.01002
58.01002
59.01002
60.01002
61.01002
62.01002
63.01002
64.01002
65.01002
66.01002
67.01002
68.01002
69.01002
70.01002
71.01002
72.01002
73.01002
74.01002
75.01002
76.01002
77.01002
78.01002
79.01002
80.01002
81.01002
82.01002
83.01002
84.01002
85.01002
86.01002
87.01002
88.01002
89.01002
90.01002
91.01002
92.01002
93.01002
94.01002
95.01002
96.01002
97.01002
98.01002
99.01002
100.01002
101.01002
102.01002
103.01002
104.01002
105.01002
106.01002
107.01002
108.01002
109.01002
110.01002
111.01002
112.01002
113.01002
114.01002
115.01002
116.01002
117.01002
118.01002
119.01002
120.01002
121.01002
122.01002
123.01002
124.01002
125.01002
126.01002
127.01002
