512.01002
513.01002
514.01002
515.01002
516.01002
517.01002
518.01002
519.01002
520.01002
521.01002
522.01002
523.01002
524.01002
525.01002
526.01002
527.01002
528.01002
529.01002
530.01002
531.01002
532.01002
533.01002
534.01002
535.01002
536.01002
537.01002
538.01002
539.01002
540.01002
541.01002
542.01002
543.01002
544.0100199999999
545.0100199999999
546.0100199999999
547.0100199999999
548.0100199999999
549.0100199999999
550.0100199999999
551.0100199999999
552.0100199999999
553.0100199999999
554.0100199999999
555.0100199999999
556.0100199999999
557.0100199999999
558.0100199999999
559.0100199999999
560.0100199999999
561.0100199999999
562.0100199999999
563.0100199999999
564.0100199999999
565.0100199999999
566.0100199999999
567.0100199999999
568.0100199999999
569.0100199999999
570.0100199999999
571.0100199999999
572.0100199999999
573.0100199999999
574.0100199999999
575.0100199999999
576.0100199999999
577.0100199999999
578.0100199999999
579.0100199999999
580.0100199999999
581.0100199999999
582.0100199999999
583.0100199999999
584.0100199999999
585.0100199999999
586.0100199999999
587.0100199999999
588.0100199999999
589.0100199999999
590.0100199999999
591.0100199999999
592.0100199999999
593.0100199999999
594.0100199999999
595.0100199999999
596.0100199999999
597.0100199999999
598.0100199999999
599.0100199999999
600.0100199999999
601.0100199999999
602.0100199999999
603.0100199999999
604.0100199999999
605.0100199999999
606.0100199999999
607.0100199999999
608.0100199999999
609.0100199999999
610.0100199999999
611.0100199999999
612.0100199999999
613.0100199999999
614.0100199999999
615.0100199999999
616.0100199999999
617.0100199999999
618.0100199999999
619.0100199999999
620.0100199999999
621.0100199999999
622.0100199999999
623.0100199999999
624.0100199999999
625.0100199999999
626.0100199999999
627.0100199999999
628.0100199999999
629.0100199999999
630.0100199999999
631.0100199999999
632.0100199999999
633.0100199999999
634.0100199999999
635.0100199999999
636.0100199999999
637.0100199999999
638.0100199999999
639.0100199999999
