128.01002
129.01002
130.01002
131.01002
132.01002
133.01002
134.01002
135.01002
136.01002
137.01002
138.01002
139.01002
140.01002
141.01002
142.01002
143.01002
144.01002
145.01002
146.01002
147.01002
148.01002
149.01002
150.01002
151.01002
152.01002
153.01002
154.01002
155.01002
156.01002
157.01002
158.01002
159.01002
160.01002
161.01002
162.01002
163.01002
164.01002
165.01002
166.01002
167.01002
168.01002
169.01002
170.01002
171.01002
172.01002
173.01002
174.01002
175.01002
176.01002
177.01002
178.01002
179.01002
180.01002
181.01002
182.01002
183.01002
184.01002
185.01002
186.01002
187.01002
188.01002
189.01002
190.01002
191.01002
192.01002
193.01002
194.01002
195.01002
196.01002
197.01002
198.01002
199.01002
200.01002
201.01002
202.01002
203.01002
204.01002
205.01002
206.01002
207.01002
208.01002
209.01002
210.01002
211.01002
212.01002
213.01002
214.01002
215.01002
216.01002
217.01002
218.01002
219.01002
220.01002
221.01002
222.01002
223.01002
224.01002
225.01002
226.01002
227.01002
228.01002
229.01002
230.01002
231.01002
232.01002
233.01002
234.01002
235.01002
236.01002
237.01002
238.01002
239.01002
240.01002
241.01002
242.01002
243.01002
244.01002
245.01002
246.01002
247.01002
248.01002
249.01002
250.01002
251.01002
252.01002
253.01002
254.01002
255.01002
