0.768973
0.716780
0.874860
0.923496
0.302828
0.857577
0.283374
0.664267
0.559189
0.139655
0.405404
0.402045
0.464607
0.723683
0.894139
0.181636
0.451235
0.788076
0.768255
0.378906
0.825788
0.672678
0.097348
0.083316
0.320748
0.176789
0.762298
0.779267
0.311564
0.067535
0.810986
0.237918
0.481876
0.273885
0.108917
0.099454
0.665719
0.612755
0.549239
0.766799
0.863085
0.370452
0.499648
0.546901
0.502841
0.787231
0.751226
0.919873
0.889974
0.150201
0.365583
0.387033
0.964020
0.608278
0.287575
0.668994
0.173076
0.883389
0.598094
0.074864
0.761643
0.828282
0.520798
0.395353
0.521916
0.892731
0.198895
0.404421
0.367070
0.086183
0.103873
0.594969
0.156309
0.107133
0.582228
0.561559
0.531340
0.147342
0.540613
0.991479
0.379909
0.292728
0.495772
0.440297
0.378091
0.375540
0.141169
0.096384
0.621962
0.576616
0.115407
0.702910
0.436584
0.274389
0.757690
0.497687
0.149804
0.553671
0.008138
0.060332
0.823209
0.300902
0.739471
0.723334
0.095410
0.365293
0.176065
0.838660
0.380530
0.054311
0.774679
0.816980
0.963977
0.288520
0.977960
0.371997
0.719525
0.166208
0.906416
0.475092
0.720562
0.375440
0.749023
0.730507
0.316334
0.385830
0.277233
0.085647
