0.606141
0.527309
0.757735
0.745445
0.646333
0.665961
0.259524
0.353089
0.636048
0.408257
0.102478
0.224963
0.775484
0.477479
0.453539
0.612166
0.029305
0.303704
0.115031
0.503924
0.312151
0.527215
0.057891
0.317036
0.728677
0.012145
0.759532
0.063843
0.343530
0.326212
0.234715
0.906886
0.778657
0.454053
0.215275
0.638575
0.549358
0.218097
0.485932
0.897612
0.159739
0.744424
0.117949
0.948892
0.945202
0.730591
0.800661
0.706767
0.910303
0.121380
0.381474
0.908029
0.180004
0.463624
0.001088
0.919942
0.568548
0.052832
0.134584
0.073886
0.496942
0.637386
0.260772
0.609599
0.158587
0.846677
0.367085
0.821932
0.260332
0.277370
0.270677
0.280045
0.585390
0.616645
0.000680
0.746244
0.906165
0.606005
0.271459
0.187912
0.448454
0.353386
0.939226
0.570607
0.007081
0.845945
0.366698
0.984879
0.028052
0.468295
0.690879
0.405572
0.445204
0.392719
0.229952
0.802315
0.276878
0.478579
0.164554
0.712224
0.772289
0.075611
0.762372
0.915633
0.107010
0.493014
0.234062
0.579516
0.131459
0.343277
0.135133
0.560585
0.163000
0.738105
0.110729
0.531009
0.731843
0.381083
0.940694
0.825000
0.364934
0.494993
0.969988
0.679601
0.471541
0.247989
0.679985
0.487098
