0.12389
0.21057
0.80074
0.93696
0.02278
0.42561
0.10150
0.25991
0.22082
0.64692
0.35029
0.18031
0.50363
0.03937
0.10092
0.98823
0.19935
0.35855
0.73159
0.83832
0.91848
0.16942
0.67264
0.96654
0.05805
0.67620
0.84542
0.34231
0.25068
0.59679
0.44231
0.17481
0.47162
0.40990
0.56911
0.50860
0.31144
0.35715
0.83766
0.25093
0.56060
0.01243
0.74157
0.33591
0.04569
0.28088
0.24013
0.95312
0.35222
0.28787
0.35920
0.94690
0.63374
0.62107
0.71561
0.38801
0.41441
0.65083
0.00152
0.19230
0.33440
0.23941
0.63739
0.37864
0.87542
0.56815
0.41440
0.40226
0.70182
0.41822
0.66219
0.04677
0.44535
0.25922
0.15768
0.52757
0.48726
0.56140
0.75548
0.88387
0.49458
0.31205
0.46689
0.80904
0.87501
0.81241
0.18800
0.99942
0.63308
0.08346
0.72555
0.98682
0.40181
0.67851
0.31617
0.21352
0.71732
0.00235
0.82273
0.52834
0.09778
0.11890
0.64926
0.87365
0.27998
0.97851
0.10018
0.85393
0.39669
0.08134
0.27471
0.45297
0.79234
0.86135
0.13342
0.52086
0.65078
0.34705
0.87186
0.27840
0.01857
0.04066
0.68099
0.55835
0.94650
0.93843
0.90985
0.04200
