0.844421
0.757954
0.420571
0.258916
0.511274
0.404934
0.783798
0.303312
0.476596
0.583382
0.908112
0.504686
0.281837
0.755804
0.618368
0.250506
0.909746
0.982785
0.810217
0.902165
0.310147
0.729831
0.898838
0.683983
0.472142
0.100701
0.434171
0.610886
0.913011
0.966606
0.477009
0.865309
0.260492
0.805027
0.548699
0.014041
0.719704
0.398823
0.824844
0.668153
0.001142
0.493577
0.867602
0.243910
0.325204
0.870471
0.191067
0.567510
0.238615
0.967540
0.803179
0.447969
0.080445
0.320054
0.507940
0.932833
0.109057
0.551267
0.706561
0.547440
0.814466
0.540283
0.963838
0.603185
0.587617
0.444989
0.596286
0.384901
0.575651
0.290329
0.189391
0.186729
0.612773
0.656659
0.476530
0.089824
0.757603
0.876770
0.923381
0.842460
0.898173
0.923082
0.540599
0.391296
0.705283
0.275634
0.811628
0.849485
0.895038
0.589801
0.949764
0.579695
0.450563
0.660245
0.996257
0.916941
0.793325
0.082372
0.612783
0.486444
0.630147
0.845077
0.243035
0.731489
0.117134
0.220460
0.794582
0.332536
0.815913
0.100607
0.146358
0.697670
0.045234
0.573866
0.910016
0.534197
0.680589
0.026696
0.634999
0.606338
0.575952
0.391209
0.370139
0.980516
0.036392
0.021636
0.961031
0.184971
